0.000000000000000000e+00
1.000000000000000000e+00
2.000000000000000000e+00
3.000000000000000000e+00
4.000000000000000000e+00
5.000000000000000000e+00
6.000000000000000000e+00
6.000000000000000000e+00
6.299999999999999822e+00
6.599999999999999645e+00
6.900000000000000355e+00
7.000000000000000000e+00
7.200000000000000178e+00
7.500000000000000000e+00
7.799999999999999822e+00
8.000000000000000000e+00
8.099999999999999645e+00
8.400000000000000355e+00
8.699999999999999289e+00
9.000000000000000000e+00
9.000000000000000000e+00
1.000000000000000000e+01
1.100000000000000000e+01
1.200000000000000000e+01
1.300000000000000000e+01
1.400000000000000000e+01
1.500000000000000000e+01
1.600000000000000000e+01
1.700000000000000000e+01
1.800000000000000000e+01
1.900000000000000000e+01
2.000000000000000000e+01
