0.000000000000000000e+00
7.615635079999999620e-04
2.395882450000000156e-03
4.117260420000000247e-03
5.908725719999999813e-03
8.433614180000000016e-03
1.215829749999999994e-02
1.803944370000000116e-02
2.763658030000000140e-02
3.903997909999999683e-02
5.320812429999999954e-02
6.211740510000000187e-02
7.224206169999999871e-02
8.528120869999999965e-02
9.712321270000000284e-02
1.162337060000000061e-01
1.303190419999999961e-01
1.455995660000000136e-01
1.610015280000000049e-01
1.755016440000000122e-01
2.064063949999999925e-01
2.197966199999999981e-01
2.330049240000000021e-01
2.562710519999999992e-01
2.720899239999999830e-01
2.841751940000000198e-01
2.966824250000000274e-01
3.088570809999999778e-01
3.300655650000000052e-01
3.622223319999999802e-01
3.814862489999999995e-01
4.018543649999999912e-01
4.153730299999999764e-01
4.352271799999999913e-01
4.520884339999999835e-01
4.854430759999999734e-01
5.037337179999999970e-01
5.201644260000000131e-01
5.383298340000000071e-01
5.592648049999999760e-01
5.829271990000000070e-01
6.070301510000000178e-01
6.288676579999999960e-01
6.512555309999999986e-01
6.800015659999999462e-01
7.223092899999999927e-01
7.457313260000000277e-01
7.661795989999999890e-01
8.002350150000000495e-01
8.265844909999999768e-01
8.558933760000000390e-01
9.048239660000000351e-01
9.333114289999999702e-01
9.716846120000000031e-01
1.009527349999999934e+00
1.043551080000000075e+00
1.080246360000000072e+00
1.105018709999999960e+00
1.124306550000000016e+00
1.143274960000000062e+00
1.165904959999999990e+00
1.210504969999999902e+00
1.262497119999999917e+00
1.298458190000000068e+00
1.375291580000000069e+00
1.419000819999999941e+00
1.474795279999999931e+00
1.519416749999999983e+00
1.567439440000000017e+00
1.609963529999999921e+00
1.651107899999999962e+00
1.695560979999999995e+00
1.744003980000000009e+00
1.785496060000000051e+00
1.826176220000000017e+00
1.878942920000000072e+00
1.937760469999999957e+00
1.988956839999999948e+00
2.039061620000000019e+00
2.098407190000000089e+00
2.180932959999999809e+00
2.261121140000000196e+00
2.318630170000000046e+00
2.372246829999999918e+00
2.434778849999999828e+00
2.509651090000000195e+00
2.619728139999999872e+00
2.665273210000000059e+00
2.746122279999999805e+00
2.841564420000000091e+00
2.952521620000000180e+00
3.032967939999999807e+00
3.097172710000000162e+00
3.174537280000000017e+00
3.268494379999999921e+00
3.333980280000000018e+00
3.393716819999999856e+00
3.469292859999999923e+00
3.559787249999999847e+00
3.681189960000000205e+00
3.756406370000000106e+00
3.844370960000000004e+00
3.955229150000000082e+00
4.024983989999999956e+00
4.103239300000000256e+00
4.275036319999999890e+00
4.372404750000000284e+00
4.488627649999999747e+00
4.612937399999999855e+00
4.732961959999999912e+00
4.829387370000000068e+00
4.931982289999999658e+00
5.108041469999999862e+00
5.243508450000000209e+00
5.359961760000000019e+00
5.498184349999999831e+00
5.695113970000000414e+00
5.975492049999999722e+00
6.154622569999999904e+00
6.189815300000000242e+00
6.248083040000000032e+00
6.446254520000000099e+00
6.678934220000000366e+00
6.867581259999999688e+00
7.282761840000000042e+00
7.410683190000000309e+00
7.793719560000000435e+00
8.5
9.0
9.5
10.0
11.0
12.0
16.0
20.000000000000