0.000000000000000000e+00
1.286739410000000002e-04
3.517711630000000165e-04
9.270154959999999701e-04
1.797236540000000026e-03
2.840056059999999851e-03
4.129760780000000034e-03
6.072327080000000307e-03
9.053404270000000795e-03
1.202938530000000061e-02
1.521542279999999955e-02
1.794564749999999834e-02
2.094561489999999943e-02
2.594039869999999887e-02
2.966193530000000092e-02
3.340443230000000180e-02
3.882670609999999689e-02
4.390924880000000169e-02
4.932273479999999682e-02
5.392943570000000020e-02
5.865390300000000029e-02
6.272017100000000511e-02
6.656779570000000146e-02
7.165891550000000332e-02
7.735513380000000327e-02
8.326999849999999759e-02
8.954734100000000252e-02
9.641592590000000462e-02
1.019759719999999981e-01
1.071060630000000014e-01
1.149063709999999933e-01
1.222360009999999969e-01
1.283905680000000105e-01
1.343336360000000063e-01
1.418678820000000007e-01
1.505138269999999889e-01
1.572122619999999915e-01
1.663588239999999885e-01
1.767329940000000044e-01
1.850757799999999953e-01
1.982980669999999945e-01
2.065989799999999876e-01
2.166764509999999921e-01
2.248640470000000113e-01
2.329314329999999933e-01
2.415832059999999948e-01
2.513438410000000123e-01
2.631742779999999837e-01
2.746635399999999838e-01
2.829267569999999732e-01
2.939771520000000193e-01
3.062853429999999877e-01
3.169582240000000106e-01
3.298808890000000105e-01
3.391055099999999989e-01
3.505823989999999890e-01
3.656792569999999798e-01
3.810813339999999938e-01
3.926851809999999943e-01
4.022519330000000060e-01
4.140809320000000127e-01
4.271484070000000077e-01
4.361465210000000092e-01
4.558624179999999915e-01
4.710973059999999935e-01
4.859611050000000043e-01
5.070039179999999979e-01
5.253646749999999477e-01
5.404160270000000210e-01
5.600497899999999918e-01
5.762037089999999528e-01
5.896720930000000083e-01
6.178412100000000295e-01
6.333421559999999895e-01
6.581465869999999496e-01
6.756202260000000459e-01
6.900339939999999839e-01
7.063411309999999554e-01
7.254311509999999963e-01
7.451713150000000008e-01
7.611420639999999516e-01
7.835482289999999850e-01
8.002532289999999549e-01
8.131227659999999968e-01
8.335812120000000158e-01
8.500920910000000497e-01
8.641239170000000192e-01
8.799138619999999911e-01
8.988888480000000181e-01
9.153006399999999987e-01
9.306708320000000034e-01
9.470565859999999780e-01
9.656953740000000508e-01
9.834850510000000545e-01
9.995777369999999662e-01
1.016799409999999959e+00
1.038839929999999967e+00
1.054360739999999907e+00
1.073616050000000044e+00
1.093685599999999924e+00
1.116496160000000071e+00
1.142692739999999985e+00
1.172606489999999946e+00
1.202789579999999914e+00
1.228429439999999984e+00
1.251957149999999963e+00
1.278410819999999948e+00
1.300618819999999953e+00
1.319021049999999917e+00
1.345798260000000024e+00
1.371981420000000007e+00
1.411059339999999995e+00
1.434815259999999926e+00
1.454599790000000059e+00
1.481540080000000037e+00
1.504311390000000026e+00
1.538680440000000038e+00
1.564122030000000052e+00
1.603694160000000091e+00
1.634933430000000021e+00
1.666120770000000029e+00
1.702582070000000058e+00
1.735112619999999994e+00
1.767782930000000086e+00
1.787370279999999978e+00
1.815031669999999986e+00
1.872336720000000065e+00
1.899994830000000023e+00
1.925064310000000001e+00
1.952922889999999967e+00
1.984191040000000017e+00
2.015246390000000165e+00
2.052257060000000077e+00
2.096684150000000191e+00
2.121011240000000075e+00
2.163725869999999940e+00
2.192370400000000163e+00
2.221100419999999964e+00
2.255995749999999855e+00
2.296203610000000062e+00
2.330921630000000189e+00
2.361443330000000174e+00
2.391774700000000031e+00
2.423209579999999974e+00
2.453754770000000196e+00
2.489546690000000062e+00
2.525662510000000083e+00
2.557433909999999866e+00
2.592269669999999859e+00
2.626236210000000071e+00
2.658646029999999882e+00
2.697917139999999936e+00
2.740449519999999861e+00
2.768098970000000048e+00
2.802681049999999896e+00
2.845395780000000041e+00
2.890683829999999954e+00
2.918100570000000005e+00
2.945781170000000060e+00
3.015842450000000063e+00
3.053292309999999787e+00
3.106706710000000093e+00
3.142628100000000035e+00
3.202112969999999947e+00
3.251469199999999837e+00
3.293209319999999884e+00
3.335043690000000005e+00
3.389917169999999924e+00
3.430658869999999805e+00
3.474085749999999972e+00
3.519915679999999991e+00
3.565913350000000204e+00
3.615649690000000138e+00
3.672113710000000086e+00
3.736955839999999807e+00
3.778871849999999810e+00
3.815059119999999915e+00
3.888286879999999890e+00
3.932060830000000173e+00
3.995050420000000102e+00
4.046345340000000235e+00
4.084596760000000160e+00
4.150231390000000076e+00
4.232197130000000307e+00
4.307125179999999887e+00
4.377435969999999621e+00
4.430165370000000102e+00
4.488799700000000392e+00
4.560444119999999657e+00
4.585683630000000122e+00
4.719484640000000120e+00
4.800099300000000291e+00
4.925488180000000327e+00
4.979626689999999911e+00
5.096894680000000122e+00
5.128642509999999710e+00
5.155189639999999685e+00
5.224178260000000407e+00
5.465818320000000341e+00
5.469251970000000185e+00
5.506122229999999895e+00
5.521061539999999823e+00
5.533391670000000317e+00
5.544947669999999995e+00
5.556629250000000297e+00
5.569453400000000443e+00
5.586435220000000257e+00
5.669478739999999739e+00
5.685249650000000265e+00
5.700714350000000152e+00
5.766178570000000114e+00
5.774745020000000117e+00
5.902016869999999749e+00
5.916257889999999797e+00
5.918800260000000257e+00
5.921859070000000003e+00
5.946312250000000077e+00
6.013623860000000043e+00
6.098803460000000065e+00
6.230093850000000266e+00
6.233441850000000173e+00
6.242677859999999690e+00
6.262816690000000186e+00
6.267474390000000284e+00
6.271662540000000341e+00
6.276002919999999818e+00
6.281497199999999559e+00
6.333321800000000223e+00
6.336415790000000214e+00
6.340739489999999812e+00
6.397447060000000185e+00
6.476710309999999637e+00
6.640724869999999669e+00
6.724049800000000410e+00
6.789375289999999730e+00
6.863878699999999888e+00
6.978082689999999921e+00
7.070419410000000404e+00
7.168862419999999958e+00
7.271917000000000186e+00
7.457367689999999882e+00
7.568933010000000294e+00
7.647817609999999711e+00
7.796293549999999684e+00
7.949197569999999935e+00
8.082835290000000228e+00
8.194184169999999767e+00
8.349400539999999538e+00
8.501020849999999740e+00
8.621580010000000627e+00
8.732840799999999959e+00
8.863962400000000130e+00
9.136592800000000736e+00
9.311203150000000761e+00
9.475543560000000198e+00
1.000000000000000000e+01