0.000000000000
0.031406300267
0.048271081187
0.066586501342
0.087643240834
0.114047006671
0.144520290389
0.178356788101
0.214644347038
0.252300603348
0.295080133705
0.340361623121
0.385070059451
0.434154567225
0.482975620897
0.539925921674
0.598611011228
0.658844120889
0.721770985099
0.783871421910
0.853564346244
0.930607568761
1.010187061627
1.092984673874
1.181134615581
1.261698916125
1.355882768164
1.454564320970
1.548321192299
1.650163601519
1.755745512917
1.870024722629
1.997386102180
2.120913095981
2.249363082040
2.391251686206
2.558680600108
2.710130784414
2.875153213530
3.043725910790
3.214324840996
3.371548069554
3.560265560873
3.754777415171
3.953098782585
4.151530992596
4.365934634768
4.582476716441
4.828574394793
5.093547812628
5.383033340300
5.657765457535
6.019016126080
6.219593235212
6.617765989377
6.704568630155
6.919500407631
7.162844542308
7.471092104100
7.860351747998
8.341843701979
8.870717133467
9.2
9.490376874190
9.75
10.0 
10.5
11.0
11.5
12.0
16.0
20.000000000000