0.0 
0.5
1.0 
2.0
3.0
4.0
5.046970881107999851e+00
5.163716079465999975e+00
5.288698250033999848e+00
5.411457411516000349e+00
5.529947100530000270e+00
5.650115321014999914e+00
5.798289178804999722e+00
5.913054048190000245e+00
6.0
6.203442991600000234e+00
6.293861717080999618e+00
6.393622563049000007e+00
6.414204844553999862e+00
6.424013334528000385e+00
6.439115119359000161e+00
6.501487869584999579e+00
6.530598078392
6.556693835119
6.588123986576
6.625738041688
6.64
6.656377089382
6.690734066187
6.695
6.696
6.697
6.698
6.699
6.70
6.705
6.71
6.716
6.72
6.722806054544
6.73
6.74
6.752580867434
6.785659042728
6.815430865569
6.853671647779
6.893911097042
6.927443825369
6.967951347856000233e+00
7.072489342368999843e+00
7.243771293823000335e+00
7.398762519032000107e+00
7.599602174292999557e+00
7.828158490037999684e+00
8.089707822342999677e+00
8.327722549974000188e+00
8.677771614543999590e+00
8.950684473446999689e+00
9.321288632017999731e+00
9.707932174209000564e+00
1.009074066225399946e+01
12.0