0.000000000000000000e+00
6.852952760000000532e-05
2.103922729999999942e-04
7.472293370000000334e-04
1.157778749999999971e-03
2.026430569999999962e-03
3.251415149999999955e-03
5.071966389999999977e-03
6.403760829999999814e-03
8.361624450000000597e-03
1.058454690000000011e-02
1.241036459999999945e-02
1.531961469999999943e-02
1.821174420000000113e-02
2.057149470000000160e-02
2.303266890000000081e-02
2.605574659999999876e-02
2.915702270000000013e-02
3.428650259999999755e-02
3.932211669999999964e-02
4.267008120000000126e-02
4.644203260000000222e-02
4.976775370000000032e-02
5.332111900000000015e-02
6.299775119999999945e-02
6.848993870000000261e-02
7.485171979999999392e-02
8.056663229999999620e-02
8.649074210000000373e-02
9.285667579999999643e-02
9.809703179999999800e-02
1.067189510000000063e-01
1.171706490000000017e-01
1.227455080000000032e-01
1.272492279999999920e-01
1.319034199999999935e-01
1.377948910000000027e-01
1.455342480000000049e-01
1.556185140000000133e-01
1.631705599999999923e-01
1.716605029999999921e-01
1.787323660000000036e-01
1.873450180000000020e-01
1.952324310000000118e-01
2.054680540000000111e-01
2.125792459999999995e-01
2.187387689999999996e-01
2.301844720000000011e-01
2.385811049999999878e-01
2.488885570000000103e-01
2.572703060000000042e-01
2.665405390000000208e-01
2.753626040000000108e-01
2.903447390000000183e-01
3.008210410000000112e-01
3.078802139999999854e-01
3.163016370000000244e-01
3.259028769999999797e-01
3.358362650000000227e-01
3.460210659999999883e-01
3.579946199999999856e-01
3.696693280000000192e-01
3.807338080000000069e-01
3.925524870000000055e-01
4.075343889999999969e-01
4.174852980000000047e-01
4.282716129999999954e-01
4.423393339999999729e-01
4.556336440000000043e-01
4.726447690000000201e-01
4.845793270000000041e-01
4.932900920000000133e-01
5.058686110000000236e-01
5.257032630000000317e-01
5.364219980000000110e-01
5.452633869999999883e-01
5.608366930000000528e-01
5.709719239999999640e-01
5.784566749999999757e-01
5.899597060000000281e-01
6.014136909999999725e-01
6.187737939999999881e-01
6.304222800000000015e-01
6.473692880000000427e-01
6.639834129999999668e-01
6.747848499999999916e-01
6.847491890000000359e-01
6.956096489999999966e-01
7.088333919999999511e-01
7.263432499999999958e-01
7.438370659999999912e-01
7.600483249999999691e-01
7.742522179999999921e-01
7.867392100000000221e-01
8.006955150000000243e-01
8.148342549999999518e-01
8.337536229999999993e-01
8.528305170000000102e-01
8.766897660000000370e-01
8.938941700000000434e-01
9.198523509999999570e-01
9.419670310000000102e-01
9.602561320000000400e-01
9.785559590000000307e-01
9.940137169999999633e-01
1.010159880000000010e+00
1.034644869999999939e+00
1.052394669999999977e+00
1.072144870000000028e+00
1.097430700000000092e+00
1.120076800000000095e+00
1.139436120000000052e+00
1.156098990000000049e+00
1.176887290000000030e+00
1.198404129999999901e+00
1.220406239999999976e+00
1.237619210000000081e+00
1.252081360000000032e+00
1.278764440000000002e+00
1.312100870000000086e+00
1.330646219999999991e+00
1.355636730000000068e+00
1.388256850000000098e+00
1.406343630000000067e+00
1.423271060000000032e+00
1.447108159999999977e+00
1.487230939999999890e+00
1.505003410000000041e+00
1.522934159999999926e+00
1.551530770000000059e+00
1.570956339999999951e+00
1.595498059999999940e+00
1.618698390000000042e+00
1.664377739999999939e+00
1.691982979999999914e+00
1.717738009999999926e+00
1.749774079999999898e+00
1.773665739999999991e+00
1.802413009999999982e+00
1.826274170000000030e+00
1.858263259999999972e+00
1.883632079999999931e+00
1.905259480000000005e+00
1.940305109999999944e+00
1.996498169999999961e+00
2.024128629999999873e+00
2.054695129999999814e+00
2.093483720000000048e+00
2.120862900000000106e+00
2.148079950000000071e+00
2.177988340000000189e+00
2.214109870000000146e+00
2.240535019999999822e+00
2.266027980000000053e+00
2.294166380000000061e+00
2.322588479999999844e+00
2.354073459999999951e+00
2.392717399999999994e+00
2.426202870000000011e+00
2.483894400000000058e+00
2.515784109999999796e+00
2.569222030000000156e+00
2.604150530000000074e+00
2.650603760000000086e+00
2.698981560000000002e+00
2.745324819999999999e+00
2.784562119999999918e+00
2.818764180000000064e+00
2.865978109999999912e+00
2.909097259999999796e+00
2.940855169999999852e+00
2.969930880000000162e+00
3.023400089999999985e+00
3.064462240000000115e+00
3.113195109999999932e+00
3.149261679999999952e+00
3.197532670000000188e+00
3.255275039999999898e+00
3.326340370000000046e+00
3.384076050000000002e+00
3.431824619999999992e+00
3.475155599999999900e+00
3.525435830000000159e+00
3.596195090000000150e+00
3.650400240000000185e+00
3.723361000000000143e+00
3.778870239999999825e+00
3.828621140000000089e+00
3.879714240000000203e+00
3.924617519999999971e+00
3.991264290000000159e+00
4.044499090000000407e+00
4.113392460000000028e+00
4.166238410000000059e+00
4.212358150000000023e+00
4.247897380000000389e+00
4.313405180000000172e+00
4.375328429999999713e+00
4.449782840000000128e+00
4.488242559999999770e+00
4.584692060000000069e+00
4.694501960000000196e+00
4.782692820000000289e+00
4.890106049999999982e+00
5.001218960000000102e+00
5.100809469999999735e+00
5.185236190000000356e+00
5.239440710000000223e+00
5.295511219999999852e+00
5.359987789999999919e+00
5.423829239999999885e+00
5.484398360000000139e+00
5.562958090000000411e+00
5.628119970000000194e+00
5.703124090000000201e+00
5.751381580000000326e+00
5.815860879999999788e+00
5.947715749999999879e+00
6.023257100000000364e+00
6.134365380000000201e+00
6.185260470000000232e+00
6.238020070000000139e+00
6.330776430000000232e+00
6.396146980000000148e+00
6.503589169999999697e+00
6.547833350000000330e+00
6.609546159999999837e+00
6.746779759999999904e+00
6.784498339999999850e+00
6.888188109999999753e+00
7.058962420000000293e+00
7.083204229999999768e+00
7.105968749999999723e+00
7.221749850000000137e+00
7.286744309999999558e+00
7.388447479999999956e+00
7.442540339999999865e+00
7.446460090000000420e+00
7.450319640000000021e+00
7.459916409999999942e+00
7.553930300000000209e+00
7.645750569999999691e+00
7.861304220000000065e+00
7.973574290000000175e+00
8.088718500000000589e+00
8.15
8.272586320000000271e+00
8.4
8.516774849999999120e+00
8.6
8.753450470000000649e+00
9.081232189999999704e+00
9.484670639999999153e+00
10.0
10.5
11.0
12.0
14.0
16.0
18.0
2.000000000000000000e+01