0.000000000000
0.000524633506
0.001663642750
0.002390234042
0.003166471316
0.004239722137
0.006368188212
0.007680210700
0.009758346796
0.011207920581
0.012918263007
0.014449606637
0.016227932845
0.019193169814
0.023548982153
0.025730823416
0.031438099041
0.033954852396
0.040005727136
0.046560985620
0.050405015224
0.054030844756
0.057327579542
0.060638919341
0.067503258929
0.071286735783
0.077438694457
0.082887739638
0.086829562736
0.090791380379
0.095046245194
0.100026377425
0.110827569917
0.117783890121
0.124398755113
0.134202162522
0.139895000838
0.144708453598
0.151123259527
0.162008900419
0.169674217130
0.182927712391
0.191624771512
0.198524457267
0.204972293216
0.209829614007
0.217539230305
0.229825536383
0.245300355814
0.258524288506
0.266161435644
0.274952954341
0.285217170538
0.292406365328
0.304097846586
0.316909561224
0.324323842312
0.330711845818
0.344743963935
0.353631305800
0.368437419124
0.379927915066
0.390742452442
0.399317399117
0.422446599334
0.447021294800
0.467336986831
0.479116025976
0.490070641005
0.507169462310
0.517155334965
0.529737020213
0.540860914121
0.554099995587
0.574986356874
0.584695042254
0.604222718669
0.619498310434
0.653445636951
0.667705100764
0.678842922831
0.691793666620
0.722544804026
0.733163961051
0.745271013946
0.762705163035
0.789580054707
0.801513868412
0.816834897193
0.848331033478
0.869431938072
0.885221413129
0.918857486037
0.934878782218
0.948622284095
0.963511666892
0.978887146493
0.993725582781
1.008750124157
1.027035179155
1.051538968534
1.091604925848
1.106054501924
1.118314554495
1.133340127088
1.156735838760
1.187107284102
1.202105582833
1.235752141038
1.279203548601
1.301084500097
1.318276448657
1.341826667282
1.360571053459
1.380521363174
1.439221374277
1.488065028738
1.504204160055
1.562168091455
1.586569374566
1.616570755036
1.643104456471
1.668078695064
1.691957761024
1.714489335259
1.745233863057
1.791660661125
1.830555040392
1.850549828290
1.868614805219
1.890326315882
1.916272222881
1.940364007779
1.981894076269
2.000373588281
2.016840399949
2.042218392388
2.113898769743
2.143552024530
2.174844529810
2.191378526278
2.206487177177
2.231408685683
2.309417892363
2.324543914857
2.377410637391
2.409730999217
2.446462732772
2.469751919745
2.499346103702
2.542728268317
2.598279198934
2.675869190271
2.711543373912
2.786330356539
2.810501596830
2.836455263266
2.874663423548
2.916950378934
2.980124515419
3.024918092011
3.080023254364
3.117003636003
3.177315536967
3.220446419015
3.288197545899
3.384528471872
3.416819039185
3.450255713811
3.498085114027
3.555419035772
3.614629757741
3.656664469340
3.707587178821
3.800804737548
3.854322704727
3.906825832232
3.941497167855
3.976593604694
4.019829956898
4.088251121082
4.170293943920
4.206592724612
4.234160635961
4.330235183361
4.356005623327
4.423468954435
4.511723127598
4.536107341618
4.562695586090
4.665589043333
4.706002058474
4.793796921229
4.865003168893
4.931919435682
5.012256650800
5.095785096266
5.162192530359
5.229972021255
5.309973096998
5.367286259117
5.449213871406
5.512093609919
5.555634390469
5.702953636886
5.744909131366
6.015202349676
6.059222357654
6.093946486137
6.203501093481
6.269672196043
6.332272114653
6.585908248262
6.618416757181
6.646633726935
6.672711106789
6.698117632574
6.723993408267
6.751724087237
6.784062382881
6.834300412595
6.990909819134
7.027242626191
7.093517866719
7.113630034553
7.130486800888
7.146194688206
7.161773052654
7.178523463930
7.197778093715
7.238101639925
7.277784858143
7.288419552530
7.297212274546
7.308078370585
7.373179742543
7.425913929523
7.517531056037
7.672517196091
7.773649629317
7.864753822271
7.960946979575
8.044499383801
8.233060513831
8.333619623746
8.410234729204
8.627976136499
8.786341770737
8.964990219894
9.112443217960
9.552055037659
9.938635570649
10.233946655396
10.5
10.863965655412
11.0
11.213327774622
11.5
12.0
16.0
20.000000000000