0.00000        1.0000000      
0.10050        0.9521531      
0.20101        0.9086758      
0.30151        0.8689956      
0.40201        0.8326360      
0.50251        0.7991968      
0.60302        0.7683398      
0.70352        0.7397770      
0.80402        0.7132616      
0.90452        0.6885813      
1.00503        0.6655518      
1.10553        0.6440129      
1.20603        0.6238245      
1.30653        0.6048632      
1.40704        0.5870206      
1.50754        0.5702006      
1.60804        0.5543175      
1.70854        0.5392953      
1.80905        0.5250645      
1.90955        0.5115536      
2.01005        0.4986647      
2.11055        0.4862732      
2.21106        0.4742848      
2.31156        0.4626642      
2.41206        0.4514084      
2.51256        0.4405200      
2.61307        0.4299974      
2.71357        0.4198343      
2.81407        0.4100211      
2.91457        0.4005454      
3.01508        0.3913937      
3.11558        0.3825512      
3.21608        0.3740029      
3.31658        0.3657335      
3.41709        0.3577273      
3.51759        0.3499688      
3.61809        0.3424425      
3.71859        0.3351327      
3.81910        0.3280237      
3.91960        0.3210996      
4.02010        0.3143436      
4.12060        0.3077388      
4.22111        0.3012666      
4.32161        0.2949071      
4.42211        0.2886376      
4.52261        0.2824322      
4.62312        0.2762590      
4.72362        0.2700782      
4.82412        0.2638361      
4.92462        0.2574559      
5.02513        0.2508183      
5.12563        0.2437167      
5.22613        0.2357435      
5.32663        0.2259685      
5.42714        0.2120603      
5.52764        0.1895040      
5.62814        0.1595403      
5.72864        0.1343530      
5.82915        0.1164018      
5.92965        0.1028524      
6.03015        0.0919813      
6.13065        0.0829251      
6.23116        0.0751993      
6.33166        0.0685006      
6.43216        0.0626235      
6.53266        0.0574208      
6.63317        0.0527824      
6.73367        0.0486233      
6.83417        0.0448763      
6.93467        0.0414869      
7.03518        0.0384105      
7.13568        0.0356097      
7.23618        0.0330532      
7.33668        0.0307142      
7.43719        0.0285697      
7.53769        0.0265998      
7.63819        0.0247873      
7.73869        0.0231169      
7.83920        0.0215753      
7.93970        0.0201507      
8.04020        0.0188326      
8.14070        0.0176116      
8.24121        0.0164795      
8.34171        0.0154286      
8.44221        0.0144523      
8.54271        0.0135445      
8.64322        0.0126997      
8.74372        0.0119129      
8.84422        0.0111796      
8.94472        0.0104956      
9.04523        0.0098574      
9.14573        0.0092613      
9.24623        0.0087043      
9.34673        0.0081836      
9.44724        0.0076966      
9.54774        0.0072407      
9.64824        0.0068139      
9.74874        0.0064140      
9.84925        0.0060392      
9.94975        0.0056879      
10.05025       0.0053583      
10.15075       0.0050490      
10.25126       0.0047587      
10.35176       0.0044860      
10.45226       0.0042299      
10.55276       0.0039893      
10.65327       0.0037631      
10.75377       0.0035503      
10.85427       0.0033503      
10.95477       0.0031620      
11.05528       0.0029849      
11.15578       0.0028181      
11.25628       0.0026611      
11.35678       0.0025133      
11.45729       0.0023740      
11.55779       0.0022427      
11.65829       0.0021190      
11.75879       0.0020024      
11.85930       0.0018924      
11.95980       0.0017887      
12.06030       0.0016909      
12.16080       0.0015987      
12.26131       0.0015116      
12.36181       0.0014294      
12.46231       0.0013519      
12.56281       0.0012787      
12.66332       0.0012095      
12.76382       0.0011442      
12.86432       0.0010826      
12.96482       0.0010243      
13.06533       0.0009693      
13.16583       0.0009173      
13.26633       0.0008682      
13.36683       0.0008218      
13.46734       0.0007779      
13.56784       0.0007364      
13.66834       0.0006971      
13.76884       0.0006601      
13.86935       0.0006250      
13.96985       0.0005918      
14.07035       0.0005604      
14.17085       0.0005308      
14.27136       0.0005027      
14.37186       0.0004761      
14.47236       0.0004510      
14.57286       0.0004272      
14.67337       0.0004047      
14.77387       0.0003834      
14.87437       0.0003632      
14.97487       0.0003441      
15.07538       0.0003261      
15.17588       0.0003090      
15.27638       0.0002928      
15.37688       0.0002774      
15.47739       0.0002629      
15.57789       0.0002492      
15.67839       0.0002361      
15.77889       0.0002238      
15.87940       0.0002121      
15.97990       0.0002011      
16.08040       0.0001906      
16.18090       0.0001807      
16.28141       0.0001713      
16.38191       0.0001624      
16.48241       0.0001539      
16.58291       0.0001459      
16.68342       0.0001383      
16.78392       0.0001312      
16.88442       0.0001244      
16.98492       0.0001179      
17.08543       0.0001118      
17.18593       0.0001060      
17.28643       0.0001005      
17.38693       0.0000953      
17.48744       0.0000904      
17.58794       0.0000857      
17.68844       0.0000813      
17.78894       0.0000771      
17.88945       0.0000731      
17.98995       0.0000693      
18.09045       0.0000658      
18.19095       0.0000624      
18.29146       0.0000592      
18.39196       0.0000561      
18.49246       0.0000532      
18.59296       0.0000505      
18.69347       0.0000479      
18.79397       0.0000454      
18.89447       0.0000431      
18.99497       0.0000409      
19.09548       0.0000388      
19.19598       0.0000368      
19.29648       0.0000349      
19.39698       0.0000331      
19.49749       0.0000314      
19.59799       0.0000298      
19.69849       0.0000283      
19.79899       0.0000268      
19.89950       0.0000254      
20.00000       0.0000241     