0.000000000000000000e+00 8.393635397969334555e-01
1.523113050999999997e-03 8.480025547684721943e-01
2.312543175999999968e-03 8.613994410537779700e-01
3.362450081000000011e-03 8.462045244060262261e-01
4.906779957000000081e-03 8.415104011000241746e-01
6.477947619999999650e-03 8.577518159496408945e-01
8.038678359000000356e-03 8.615311830786517300e-01
9.989571779999999526e-03 8.435383928600523884e-01
1.213352911799999920e-02 8.550604107174264445e-01
1.417611759099999917e-02 8.454637270500495738e-01
1.687557288499999877e-02 8.327090499338344332e-01
1.963116061099999879e-02 8.555142529917376670e-01
2.275780092100000013e-02 8.490724235398533493e-01
2.506066728099999932e-02 8.576798921163176770e-01
2.783881468399999892e-02 8.476637582856535458e-01
3.156783446800000281e-02 8.694758478267637924e-01
3.547780792900000202e-02 8.632321620244126636e-01
3.974557918999999800e-02 8.425158408801632914e-01
4.388743722300000177e-02 8.592581365954251593e-01
4.814430126099999985e-02 8.570716930387919374e-01
5.169456511099999874e-02 8.594436917433940781e-01
5.619648691799999929e-02 8.716440715406308382e-01
6.083808552899999667e-02 8.552386676352858874e-01
6.474343187200000405e-02 8.618639257624148842e-01
6.902287901799999958e-02 8.604657892526245133e-01
7.398134884099999420e-02 8.298568152207046467e-01
7.981079109300000252e-02 8.503471401755180459e-01
8.594860594299999490e-02 8.570032392155572110e-01
9.093824271700000350e-02 8.465311474644069412e-01
9.658507339100000366e-02 8.496457228366389725e-01
1.032404411069999944e-01 8.640828315693144246e-01
1.087580235680000035e-01 8.501228134093412603e-01
1.152789653070000059e-01 8.542417430608880702e-01
1.216840607790000001e-01 8.555066061110689901e-01
1.274510251980000008e-01 8.475300120369477774e-01
1.335225340070000100e-01 8.479575780462486057e-01
1.404431086310000132e-01 8.484470969675701468e-01
1.487793159920000052e-01 8.534638743445158715e-01
1.568599427959999904e-01 8.478481092631149352e-01
1.642977847260000124e-01 8.438490550236036336e-01
1.719105429910000038e-01 8.537895325280966397e-01
1.797699617940000105e-01 8.597341828393242347e-01
1.884237847609999961e-01 8.519326931555107896e-01
1.958286494099999997e-01 8.588680409727789122e-01
2.040222169500000016e-01 8.605571181583117069e-01
2.121094877030000048e-01 8.527752913166262161e-01
2.210799588329999954e-01 8.390446336694600271e-01
2.297391026979999917e-01 8.639030469737791762e-01
2.393383285500000068e-01 8.446836922228750932e-01
2.482971819320000106e-01 8.651291903154025853e-01
2.549504594340000208e-01 8.621542252261434891e-01
2.634328106689999838e-01 8.587906412826649127e-01
2.715707888439999884e-01 8.489042783551715710e-01
2.808762235210000013e-01 8.552202725668828220e-01
2.891922744679999990e-01 8.680388738057464026e-01
2.976309337529999821e-01 8.474785300906731988e-01
3.073642900110000187e-01 8.477888102125331615e-01
3.164974413800000219e-01 8.476895460219384670e-01
3.264595686049999723e-01 8.560558835111700127e-01
3.365110008719999768e-01 8.504879048535359809e-01
3.487327663259999766e-01 8.606615240498259878e-01
3.578626466050000010e-01 8.600678400444162763e-01
3.680635172569999836e-01 8.423975212903939136e-01
3.775449756400000023e-01 8.347316110106951514e-01
3.887450814660000087e-01 8.568144693596094763e-01
3.984514081780000105e-01 8.489735046429174314e-01
4.094151948249999950e-01 8.620390524505299190e-01
4.211522754209999775e-01 8.652044315199859392e-01
4.323831126670000247e-01 8.428929763414839682e-01
4.457704202169999741e-01 8.455417657735282422e-01
4.580159504979999796e-01 8.400915323870717932e-01
4.680610942169999844e-01 8.430473104689618635e-01
4.832955902220000266e-01 8.687321922831808818e-01
4.990528307770000227e-01 8.453570888434758235e-01
5.119696716120000213e-01 8.498930802808338791e-01
5.228360331550000462e-01 8.607849481700929895e-01
5.374347315530000335e-01 8.498997335863345270e-01
5.524847870739999500e-01 8.639946149528632269e-01
5.647610021319999785e-01 8.475579572361322533e-01
5.805949960949999822e-01 8.478841780669702510e-01
5.940314768190000372e-01 8.540511019898643363e-01
6.092680848010000316e-01 8.712241231336222969e-01
6.236413783569999536e-01 8.497212463096737167e-01
6.367997055349999824e-01 8.568708399500356565e-01
6.492632991779999641e-01 8.559522384128315231e-01
6.645634068069999900e-01 8.681747108907007515e-01
6.784310651980000051e-01 8.497553234725108151e-01
6.961092882430000017e-01 8.498449474296195794e-01
7.104358906809999930e-01 8.627719888846753227e-01
7.277976125970000432e-01 8.586118887888183338e-01
7.454470791010000541e-01 8.640067298205481583e-01
7.592222200849999547e-01 8.591513953476384025e-01
7.753959745770000467e-01 8.591910859333973249e-01
7.922978586960000014e-01 8.436121525832147583e-01
8.079885513479999615e-01 8.506639934374822243e-01
8.266742321340000421e-01 8.521990658717204514e-01
8.466095681769999493e-01 8.314223433026498578e-01
8.661124093390000223e-01 8.324314187591361769e-01
8.829058602839999770e-01 8.585450368062548243e-01
9.004877888490000482e-01 8.482736818751369645e-01
9.196869839939999514e-01 8.722474091626573056e-01
9.379694713980000209e-01 8.401210950554012236e-01
9.551125681080000485e-01 8.463218909701800685e-01
9.732064713700000480e-01 8.492425362892586094e-01
9.914274167040000307e-01 8.591110558801324792e-01
1.010399375977000025e+00 8.474232437338964363e-01
1.029494970256999986e+00 8.660791316761718983e-01
1.049941156437999901e+00 8.477728868215907987e-01
1.067843263717999980e+00 8.527318861340673628e-01
1.085019130802000076e+00 8.405323295994358013e-01
1.103859591546999974e+00 8.410964413326759148e-01
1.122818473768000036e+00 8.529272265735411418e-01
1.139736265018999939e+00 8.513162242592765550e-01
1.161252442554999931e+00 8.596950566793136739e-01
1.181082886800999932e+00 8.616377047941866651e-01
1.201250950843999910e+00 8.547261394000476020e-01
1.224830548461000035e+00 8.646686622559336399e-01
1.246397240465999978e+00 8.573224343697402050e-01
1.265709733061999964e+00 8.657157282182144087e-01
1.280417873371000104e+00 8.441101581655269248e-01
1.301748545496999920e+00 8.596042584303126288e-01
1.322965467461999944e+00 8.524267940649984387e-01
1.344674060655000059e+00 8.539230847881040809e-01
1.365399379240999966e+00 8.537536565124591581e-01
1.385422434220999977e+00 8.627847486992017423e-01
1.405297880463999949e+00 8.608607565793132688e-01
1.426385798812999983e+00 8.521491865664362342e-01
1.451234315630999916e+00 8.331813959422322835e-01
1.473094994073000041e+00 8.663931775486264364e-01
1.498182622554000032e+00 8.638524300846032178e-01
1.524820836279999980e+00 8.547856686315814523e-01
1.553672685748999971e+00 8.413883140923270609e-01
1.581766505795999977e+00 8.560326199844677797e-01
1.605504117428000033e+00 8.359249967839363915e-01
1.628914060589000012e+00 8.573312993153638928e-01
1.653155469112999931e+00 8.577285329929451585e-01
1.681506696837000048e+00 8.457425163546199443e-01
1.707635416315999910e+00 8.414499289135676241e-01
1.735490081468000101e+00 8.458426870633403150e-01
1.770975894196000100e+00 8.582272709348383044e-01
1.798854296767000038e+00 8.572422135068252791e-01
1.827470661838000110e+00 8.467547301107446467e-01
1.853955935432999969e+00 8.566681130006977840e-01
1.878617478161000109e+00 8.469965963809108489e-01
1.905495225464999942e+00 8.552648061118521827e-01
1.929493122158999929e+00 8.646145251810473109e-01
1.957208332673000095e+00 8.461554865706321094e-01
1.988148950130000037e+00 8.607659200929559384e-01
2.014478617837999863e+00 8.504099799088978839e-01
2.042723295512999915e+00 8.319639162657274101e-01
2.069565310523000079e+00 8.470684702831529078e-01
2.095875895795999977e+00 8.541468936804854639e-01
2.124135087823999957e+00 8.692474992520232702e-01
2.150378456937999783e+00 8.507331063020853179e-01
2.182287974563000166e+00 8.512892990013628536e-01
2.212425140794000100e+00 8.596536524748448205e-01
2.251401421360999855e+00 8.505702272014055154e-01
2.283812160209000020e+00 8.661718168576488797e-01
2.315996536407999962e+00 8.448285789940105373e-01
2.349472752138999976e+00 8.502466875095812116e-01
2.378694316324999836e+00 8.545087450732348211e-01
2.406117329770999902e+00 8.440035610198219906e-01
2.436385705969000171e+00 8.593276445736122149e-01
2.464875422139999994e+00 8.552475666612066041e-01
2.498830307548999929e+00 8.401235318077814318e-01
2.528263884704999853e+00 8.406108534280490874e-01
2.553996619479999897e+00 8.678147615698155182e-01
2.590846054515000052e+00 8.379109050011203097e-01
2.621531635550999884e+00 8.535201552323975482e-01
2.660327631967000173e+00 8.524181066792817507e-01
2.693884148153999902e+00 8.527998757716466205e-01
2.724361984275999848e+00 8.552325964292689653e-01
2.769356288093999918e+00 8.558886345293774678e-01
2.806654559922999947e+00 8.580391300415631806e-01
2.843524572115999849e+00 8.497182845250795813e-01
2.880703905563000156e+00 8.721035609846961023e-01
2.917259270826999984e+00 8.473670570837068539e-01
2.956730312911000080e+00 8.528221207576406337e-01
3.002252234924000174e+00 8.388872935397020392e-01
3.039705291260000219e+00 8.515614424256238157e-01
3.080114930588000011e+00 8.518764942559767794e-01
3.122694427878999868e+00 8.403520627443481494e-01
3.153924320290999894e+00 8.587413509907426690e-01
3.199958377205999849e+00 8.387976222303213936e-01
3.235683714616000017e+00 8.586624933841872087e-01
3.275654450778000104e+00 8.591530609026840626e-01
3.316136115856000099e+00 8.564430239296287883e-01
3.351209679176999856e+00 8.493141448853890330e-01
3.396281569945000189e+00 8.452387838150853261e-01
3.442426235995000194e+00 8.507878262545446324e-01
3.489491563041999811e+00 8.424896945337809750e-01
3.535178463523999781e+00 8.675108109128207845e-01
3.572846529911999802e+00 8.554159741507992853e-01
3.619829695977000217e+00 8.439820759155276519e-01
3.667854368368999918e+00 8.663284510828519469e-01
3.712545025792000075e+00 8.622922094587625041e-01
3.772276228890000027e+00 8.616525836562480833e-01
3.817094232627999961e+00 8.604587672885648519e-01
3.863427209007999963e+00 8.554523159527331888e-01
3.912114859301000003e+00 8.383681735791504996e-01
3.969721721271000092e+00 8.598977845845888757e-01
4.023948895626999978e+00 8.630896234369016540e-01
4.074533116758000340e+00 8.526356461752663263e-01
4.113560121995000429e+00 8.583792577679368874e-01
4.164041831540999716e+00 8.530566652327153943e-01
4.218415358577000340e+00 8.486451387541404934e-01
4.265477225201999900e+00 8.676131310590089463e-01
4.317117209483999574e+00 8.548848738652612411e-01
4.377241163825000392e+00 8.713238176518860456e-01
4.427066604208000022e+00 8.502275316035414754e-01
4.475229744015999600e+00 8.543384310877875087e-01
4.530009273653000434e+00 8.611420513304057778e-01
4.580507384344000066e+00 8.487081329492982551e-01
4.629742443009000397e+00 8.579239345457505550e-01
4.686607281171999873e+00 8.576115580298608876e-01
4.740048010303000048e+00 8.493247385446507369e-01
4.795501921308000348e+00 8.498401789446391463e-01
4.845891289286999637e+00 8.518227738143923089e-01
4.911564759388999946e+00 8.568613780100823307e-01
4.980813924472999865e+00 8.583930550863123621e-01
5.046970881107999851e+00 8.455443430487794565e-01
5.113954007875999963e+00 8.410149875099612871e-01
5.163716079465999975e+00 8.393746356125931785e-01
5.224819188448999618e+00 8.374127897527228193e-01
5.288698250033999848e+00 8.570240240175366342e-01
5.349109990898999634e+00 8.508318928127378555e-01
5.411457411516000349e+00 8.530690572556952622e-01
5.464550636122000427e+00 8.485444891872281348e-01
5.529947100530000270e+00 8.545513685209096266e-01
5.587753711058000228e+00 8.499707655518349281e-01
5.650115321014999914e+00 8.564059848932731311e-01
5.733984646020999776e+00 8.627212386310471048e-01
5.798289178804999722e+00 8.499683145048472221e-01
5.839514555565999743e+00 8.511338882432750719e-01
5.913054048190000245e+00 8.415441060917840943e-01
5.999762545032999661e+00 8.569962754303205310e-01
6.033206501997000260e+00 8.592490605876068610e-01
6.102350136381000212e+00 8.604973790650632948e-01
6.203442991600000234e+00 8.405655571780272783e-01
6.234537692245999629e+00 8.644902754194452310e-01
6.293861717080999618e+00 8.548416377947856137e-01
6.373183592775999884e+00 8.471345769009336335e-01
6.393622563049000007e+00 9.306714894800431903e-01
6.408418772645999795e+00 8.597713300745104537e-01
6.414204844553999862e+00 8.577708231739925582e-01
6.424013334528000385e+00 8.629928340583546964e-01
6.429467204839999894e+00 8.581641341270859202e-01
6.439115119359000161e+00 8.580379861173722533e-01
6.501487869584999579e+00 8.695436253572867979e-01
6.530598078391999906e+00 8.663761552514981368e-01
6.556693835118999836e+00 8.546428244551794728e-01
6.588123986575999957e+00 8.640920805574285879e-01
6.625738041687999846e+00 8.489428773710105958e-01
6.656377089381999568e+00 8.783952664818935885e-01
6.690734066186999840e+00 9.125205249536059160e-01
6.695000000000000284e+00 8.744384788139866194e-01
6.695999999999999730e+00 3.680594509024271987e-01
6.697000000000000064e+00 8.667682872663977633e-01
6.698000000000000398e+00 1.239411989663830871e-01
6.698999999999999844e+00 9.572199116758740856e-02
6.700000000000000178e+00 8.863823650462798742e-01
6.705000000000000071e+00 2.634108109879627069e-01
6.709999999999999964e+00 8.600043580319274295e-01
6.716000000000000192e+00 8.550284404417053397e-01
6.719999999999999751e+00 4.770173627532947602e-02
6.722806054543999821e+00 4.759012888128060642e-02
6.740000000000000213e+00 5.003335594104209305e-02
6.752580867434000211e+00 7.950152952063581357e-02
6.815430865568999685e+00 4.498277584435996651e-02
6.853671647778999620e+00 4.428726360061631395e-02
6.893911097042000335e+00 4.337512729369009945e-02
6.927443825369000052e+00 4.257020295615208255e-02
6.967951347856000233e+00 4.157807492240147423e-02
7.072489342368999843e+00 3.934882831292751265e-02
7.147213062207000256e+00 3.782188141746944260e-02
7.243771293823000335e+00 3.599301645575048170e-02
7.313049241577999737e+00 3.462239010447949739e-02
7.398762519032000107e+00 3.301412121681073647e-02
7.498650999562999964e+00 3.114709265784605316e-02
7.599602174292999557e+00 2.927219006069220128e-02
7.726419219139000205e+00 2.668696818646252439e-02
7.828158490037999684e+00 2.477902635271334725e-02
7.959802085027000373e+00 2.184019724973644896e-02
8.089707822342999677e+00 1.898767924552436856e-02
8.207052607309000436e+00 1.631504223095735923e-02
8.327722549974000188e+00 1.360145210344994998e-02
8.485724679266999360e+00 1.077382292043747858e-02
8.677771614543999590e+00 8.277637279361807141e-03
8.800565578929999688e+00 6.977611832295106849e-03
8.950684473446999689e+00 5.780695802648779663e-03
9.143470921696000175e+00 4.672151829401242386e-03
9.321288632017999731e+00 3.832472635755397507e-03
9.517172892533999118e+00 3.143606628018052237e-03
9.707932174209000564e+00 2.613269203150492184e-03
9.903877214606000123e+00 2.222236049974992290e-03
1.009074066225399946e+01 1.941887188310946694e-03
1.036036724438499945e+01 1.617958140760200657e-03
1.057880415694799936e+01 1.341818206943382183e-03
1.084739413155999976e+01 1.128767595220717471e-03
1.109999999999999964e+01 9.338344297518566366e-04
1.128452855891799977e+01 8.193401921921580205e-04
1.152888880979799957e+01 6.469059142672480911e-04
1.200000000000000000e+01 3.772324112085203825e-04
1.219999999999999929e+01 2.941861293509618995e-04
1.240000000000000036e+01 2.218532213032813017e-04
1.259999999999999964e+01 1.634778734991736073e-04
1.280601848807500076e+01 1.358313715598135100e-04
1.300000000000000000e+01 9.118151340254488984e-05
1.400000000000000000e+01 1.403158985245516890e-05
1.500000000000000000e+01 1.845960532596838438e-06
