0.000000000000000000e+00 1.625313951679224767e-01
1.523113050999999997e-03 1.579703718521481837e-01
2.312543175999999968e-03 1.512424707163655124e-01
3.362450081000000011e-03 1.588179858193860816e-01
4.906779957000000081e-03 1.615097463937231470e-01
6.477947619999999650e-03 1.534559134049031937e-01
8.038678359000000356e-03 1.518043608721744708e-01
9.989571779999999526e-03 1.606539085594896887e-01
1.213352911799999920e-02 1.542801893712075767e-01
1.417611759099999917e-02 1.589684603587384060e-01
1.687557288499999877e-02 1.659653041719454936e-01
1.963116061099999879e-02 1.544542241781689806e-01
2.275780092100000013e-02 1.576088551043542396e-01
2.506066728099999932e-02 1.533058833989020264e-01
2.783881468399999892e-02 1.587116312151319319e-01
3.156783446800000281e-02 1.475681803027272532e-01
3.547780792900000202e-02 1.509424107043631225e-01
3.974557918999999800e-02 1.613481585205930047e-01
4.388743722300000177e-02 1.521905492209553179e-01
4.814430126099999985e-02 1.533074392656308960e-01
5.169456511099999874e-02 1.524181502967260071e-01
5.619648691799999929e-02 1.462684759174056881e-01
6.083808552899999667e-02 1.548946455957858626e-01
6.474343187200000405e-02 1.512980373852548244e-01
6.902287901799999958e-02 1.517266786690671110e-01
7.398134884099999420e-02 1.672225556222355358e-01
7.981079109300000252e-02 1.569176057433708804e-01
8.594860594299999490e-02 1.537655308839545876e-01
9.093824271700000350e-02 1.587896468182525556e-01
9.658507339100000366e-02 1.573954790958191907e-01
1.032404411069999944e-01 1.500972416705563250e-01
1.087580235680000035e-01 1.570713031495187817e-01
1.152789653070000059e-01 1.550250050010001657e-01
1.216840607790000001e-01 1.546493743193083081e-01
1.274510251980000008e-01 1.581504078593496398e-01
1.335225340070000100e-01 1.583752306016759093e-01
1.404431086310000132e-01 1.574818296992731570e-01
1.487793159920000052e-01 1.555166588873330147e-01
1.568599427959999904e-01 1.583837878686848721e-01
1.642977847260000124e-01 1.603829654819852735e-01
1.719105429910000038e-01 1.557154764286190485e-01
1.797699617940000105e-01 1.522753439576804146e-01
1.884237847609999961e-01 1.565805383298881637e-01
1.958286494099999997e-01 1.528811317819119275e-01
2.040222169500000016e-01 1.521213131515191941e-01
2.121094877030000048e-01 1.556799137605298922e-01
2.210799588329999954e-01 1.625496210353181703e-01
2.297391026979999917e-01 1.498021826587539462e-01
2.393383285500000068e-01 1.595672467826898255e-01
2.482971819320000106e-01 1.498581938609944153e-01
2.549504594340000208e-01 1.514297303905225156e-01
2.634328106689999838e-01 1.526254139716832214e-01
2.715707888439999884e-01 1.577383254428663673e-01
2.808762235210000013e-01 1.543830988419906125e-01
2.891922744679999990e-01 1.479964881865261928e-01
2.976309337529999821e-01 1.583487808672845720e-01
3.073642900110000187e-01 1.584740281389611649e-01
3.164974413800000219e-01 1.582664310639905481e-01
3.264595686049999723e-01 1.539802404925429691e-01
3.365110008719999768e-01 1.567765775377297499e-01
3.487327663259999766e-01 1.515983196639327790e-01
3.578626466050000010e-01 1.525595119023804846e-01
3.680635172569999836e-01 1.610109799737725333e-01
3.775449756400000023e-01 1.646565979862639195e-01
3.887450814660000087e-01 1.540378075615122799e-01
3.984514081780000105e-01 1.573383565602009260e-01
4.094151948249999950e-01 1.510536551754795009e-01
4.211522754209999775e-01 1.496261474517125711e-01
4.323831126670000247e-01 1.610472094418883560e-01
4.457704202169999741e-01 1.595730257162543686e-01
4.580159504979999796e-01 1.620244048809761916e-01
4.680610942169999844e-01 1.606209019581694430e-01
4.832955902220000266e-01 1.473149074259296476e-01
4.990528307770000227e-01 1.595399079815963128e-01
5.119696716120000213e-01 1.571728790202485126e-01
5.228360331550000462e-01 1.515823164632926212e-01
5.374347315530000335e-01 1.571945500211153202e-01
5.524847870739999500e-01 1.500930186037207070e-01
5.647610021319999785e-01 1.581136227245449055e-01
5.805949960949999822e-01 1.582256451290258437e-01
5.940314768190000372e-01 1.549348758640617107e-01
6.092680848010000316e-01 1.468428130070458526e-01
6.236413783569999536e-01 1.570168478140072654e-01
6.367997055349999824e-01 1.533765642017292652e-01
6.492632991779999641e-01 1.542640750372296643e-01
6.645634068069999900e-01 1.475312840345846532e-01
6.784310651980000051e-01 1.570680802827232048e-01
6.961092882430000017e-01 1.570010668800426723e-01
7.104358906809999930e-01 1.505493320886399922e-01
7.277976125970000432e-01 1.524503789646818319e-01
7.454470791010000541e-01 1.503549598808650301e-01
7.592222200849999547e-01 1.520650796826031881e-01
7.753959745770000467e-01 1.526423062390256102e-01
7.922978586960000014e-01 1.604783178857993875e-01
8.079885513479999615e-01 1.565288613278210950e-01
8.266742321340000421e-01 1.560497655086572621e-01
8.466095681769999493e-01 1.664720721922162694e-01
8.661124093390000223e-01 1.659177391033762605e-01
8.829058602839999770e-01 1.525597341690560216e-01
9.004877888490000482e-01 1.581046209241848133e-01
9.196869839939999514e-01 1.460722144428885927e-01
9.379694713980000209e-01 1.621064212842568963e-01
9.551125681080000485e-01 1.588285434864750711e-01
9.732064713700000480e-01 1.574088150963526000e-01
9.914274167040000307e-01 1.525162810339845687e-01
1.010399375977000025e+00 1.581577426596430525e-01
1.029494970256999986e+00 1.488875552888355436e-01
1.049941156437999901e+00 1.582477606632438083e-01
1.067843263717999980e+00 1.554140828165632704e-01
1.085019130802000076e+00 1.618593718743748522e-01
1.103859591546999974e+00 1.614431775243937717e-01
1.122818473768000036e+00 1.557254784290191263e-01
1.139736265018999939e+00 1.562005734480229058e-01
1.161252442554999931e+00 1.526135227045409271e-01
1.181082886800999932e+00 1.513929452557178368e-01
1.201250950843999910e+00 1.541882821008645765e-01
1.224830548461000035e+00 1.497032739881309638e-01
1.246397240465999978e+00 1.535495988086506003e-01
1.265709733061999964e+00 1.485724922762329814e-01
1.280417873371000104e+00 1.598661954613145308e-01
1.301748545496999920e+00 1.522668978240092619e-01
1.322965467461999944e+00 1.561648996465959949e-01
1.344674060655000059e+00 1.554818741526083070e-01
1.365399379240999966e+00 1.553708519481674100e-01
1.385422434220999977e+00 1.509647485052566240e-01
1.405297880463999949e+00 1.514491787246337873e-01
1.426385798812999983e+00 1.557209219621702168e-01
1.451234315630999916e+00 1.654822075526216629e-01
1.473094994073000041e+00 1.490698139627925356e-01
1.498182622554000032e+00 1.497164988553266185e-01
1.524820836279999980e+00 1.545816941166011094e-01
1.553672685748999971e+00 1.614532906581316318e-01
1.581766505795999977e+00 1.543103065057455647e-01
1.605504117428000033e+00 1.636396168122513095e-01
1.628914060589000012e+00 1.533890111355604713e-01
1.653155469112999931e+00 1.531556311262252668e-01
1.681506696837000048e+00 1.587487497499499856e-01
1.707635416315999910e+00 1.615710919961769465e-01
1.735490081468000101e+00 1.591178235647129346e-01
1.770975894196000100e+00 1.529074703829654824e-01
1.798854296767000038e+00 1.535050343402013517e-01
1.827470661838000110e+00 1.587281900824609182e-01
1.853955935432999969e+00 1.534347980707252701e-01
1.878617478161000109e+00 1.587089640150252390e-01
1.905495225464999942e+00 1.545838056500188906e-01
1.929493122158999929e+00 1.495925851837034137e-01
1.957208332673000095e+00 1.585530439421217463e-01
1.988148950130000037e+00 1.517506834700273477e-01
2.014478617837999863e+00 1.570239603476250578e-01
2.042723295512999915e+00 1.656912493609832837e-01
2.069565310523000079e+00 1.584549132048631570e-01
2.095875895795999977e+00 1.551695894734502756e-01
2.124135087823999957e+00 1.475481763019270698e-01
2.150378456937999783e+00 1.564882976595319275e-01
2.182287974563000166e+00 1.563957235891623165e-01
2.212425140794000100e+00 1.519749505456646776e-01
2.251401421360999855e+00 1.572380031561868285e-01
2.283812160209000020e+00 1.486249472116645265e-01
2.315996536407999962e+00 1.599240959302971610e-01
2.349472752138999976e+00 1.571167566846702890e-01
2.378694316324999836e+00 1.547448378564601768e-01
2.406117329770999902e+00 1.598751972616745398e-01
2.436385705969000171e+00 1.523890333622280324e-01
2.464875422139999994e+00 1.542549621035317897e-01
2.498830307548999929e+00 1.622395590229157025e-01
2.528263884704999853e+00 1.616416616656664862e-01
2.553996619479999897e+00 1.484706941388277690e-01
2.590846054515000052e+00 1.632500944633371032e-01
2.621531635550999884e+00 1.554865417527949989e-01
2.660327631967000173e+00 1.560831055099909104e-01
2.693884148153999902e+00 1.557821564312862617e-01
2.724361984275999848e+00 1.546124780511657915e-01
2.769356288093999918e+00 1.539671267586850689e-01
2.806654559922999947e+00 1.534211286701784860e-01
2.843524572115999849e+00 1.570894178835767208e-01
2.880703905563000156e+00 1.459860861061101078e-01
2.917259270826999984e+00 1.585044786735124445e-01
2.956730312911000080e+00 1.554794292191771787e-01
3.002252234924000174e+00 1.625285057011402468e-01
3.039705291260000219e+00 1.564510679913760360e-01
3.080114930588000011e+00 1.561287813118178713e-01
3.122694427878999868e+00 1.619044920095130125e-01
3.153924320290999894e+00 1.527621079771509516e-01
3.199958377205999849e+00 1.628275655131026234e-01
3.235683714616000017e+00 1.528277877797781514e-01
3.275654450778000104e+00 1.525660687693093931e-01
3.316136115856000099e+00 1.537603076170789562e-01
3.351209679176999856e+00 1.573668066946722344e-01
3.396281569945000189e+00 1.593891000422306692e-01
3.442426235995000194e+00 1.564868529261407848e-01
3.489491563041999811e+00 1.609653041719454891e-01
3.535178463523999781e+00 1.481138449912204891e-01
3.572846529911999802e+00 1.542362917027850222e-01
3.619829695977000217e+00 1.600033340001333348e-01
3.667854368368999918e+00 1.488457691538307703e-01
3.712545025792000075e+00 1.508928452357138073e-01
3.772276228890000027e+00 1.510983307772665596e-01
3.817094232627999961e+00 1.517637972038852201e-01
3.863427209007999963e+00 1.542979707052521687e-01
3.912114859301000003e+00 1.627860016447733871e-01
3.969721721271000092e+00 1.521495410193150211e-01
4.023948895626999978e+00 1.502610522104420865e-01
4.074533116758000340e+00 1.556836922940143531e-01
4.113560121995000429e+00 1.530077126536418530e-01
4.164041831540999716e+00 1.555272165544219765e-01
4.218415358577000340e+00 1.576576426396390507e-01
4.265477225201999900e+00 1.482979929319197532e-01
4.317117209483999574e+00 1.542956369051588228e-01
4.377241163825000392e+00 1.464884087928697010e-01
4.427066604208000022e+00 1.570286279478118052e-01
4.475229744015999600e+00 1.550844613367117486e-01
4.530009273653000434e+00 1.512490275832944209e-01
4.580507384344000066e+00 1.577464381765242007e-01
4.629742443009000397e+00 1.529074703829654824e-01
4.686607281171999873e+00 1.531314040585895209e-01
4.740048010303000048e+00 1.573950345624680613e-01
4.795501921308000348e+00 1.569477228779088962e-01
4.845891289286999637e+00 1.560168700406748266e-01
4.911564759388999946e+00 1.538205418861549878e-01
4.980813924472999865e+00 1.531082883243315429e-01
5.046970881107999851e+00 1.590761485630459438e-01
5.113954007875999963e+00 1.613333777866684249e-01
5.163716079465999975e+00 1.624789402324909315e-01
5.224819188448999618e+00 1.635662688093174610e-01
5.288698250033999848e+00 1.531162899246515663e-01
5.349109990898999634e+00 1.565806494632259738e-01
5.411457411516000349e+00 1.551938165410860215e-01
5.464550636122000427e+00 1.575681803027272065e-01
5.529947100530000270e+00 1.547132759885310738e-01
5.587753711058000228e+00 1.572736769576137394e-01
5.650115321014999914e+00 1.539630148251872332e-01
5.733984646020999776e+00 1.508031606321264262e-01
5.798289178804999722e+00 1.574251516970059939e-01
5.839514555565999743e+00 1.566183236647329668e-01
5.913054048190000245e+00 1.611136671778800600e-01
5.999762545032999661e+00 1.539370096241470531e-01
6.033206501997000260e+00 1.529119157164766096e-01
6.102350136381000212e+00 1.525949634371318864e-01
6.203442991600000234e+00 1.634229068035829291e-01
6.234537692245999629e+00 1.517291236024982670e-01
6.293861717080999618e+00 1.627974483785646076e-01
6.373183592775999884e+00 1.602154875419528335e-01
6.393622563049000007e+00 2.322727878909114640e-01
6.408418772645999795e+00 1.593181969727279212e-01
6.414204844553999862e+00 1.618894890089128957e-01
6.424013334528000385e+00 1.544374430441643742e-01
6.429467204839999894e+00 1.580113800537885638e-01
6.439115119359000161e+00 1.559709719721722176e-01
6.501487869584999579e+00 1.618707074748282904e-01
6.530598078391999906e+00 1.662609188504367286e-01
6.556693835118999836e+00 1.733482252005957014e-01
6.588123986575999957e+00 1.685320397412816140e-01
6.625738041687999846e+00 1.685170367406814418e-01
6.656377089381999568e+00 1.902413816096552301e-01
6.690734066186999840e+00 2.885577115423084704e-01
6.695000000000000284e+00 2.134380209375208448e-01
6.695999999999999730e+00 4.268388122068857982e-01
6.697000000000000064e+00 1.869638372118868352e-01
6.698000000000000398e+00 8.600945744704497908e-01
6.698999999999999844e+00 7.732007512613633393e-01
6.700000000000000178e+00 1.998717521282034060e-01
6.705000000000000071e+00 5.487513058167189373e-01
6.709999999999999964e+00 1.900012224667155525e-01
6.716000000000000192e+00 1.592844124380431714e-01
6.719999999999999751e+00 9.549006467960258204e-01
6.722806054543999821e+00 9.547637305238825256e-01
6.740000000000000213e+00 9.477549954435331436e-01
6.752580867434000211e+00 9.301915938743303691e-01
6.815430865568999685e+00 9.586941832811007869e-01
6.853671647778999620e+00 9.598031828587940684e-01
6.893911097042000335e+00 9.608148296325930149e-01
6.927443825369000052e+00 9.617672423373562207e-01
6.967951347856000233e+00 9.626401947056076880e-01
7.072489342368999843e+00 9.648549709941989239e-01
7.147213062207000256e+00 9.664317307906026278e-01
7.243771293823000335e+00 9.682246449289858559e-01
7.313049241577999737e+00 9.694252183770086795e-01
7.398762519032000107e+00 9.708152741659440421e-01
7.498650999562999964e+00 9.723975906292372517e-01
7.599602174292999557e+00 9.739136716232135171e-01
7.726419219139000205e+00 9.758939565690917251e-01
7.828158490037999684e+00 9.773219088262097287e-01
7.959802085027000373e+00 9.792016181013981635e-01
8.089707822342999677e+00 9.811391167122314183e-01
8.207052607309000436e+00 9.828377897801782170e-01
8.327722549974000188e+00 9.847228334555799822e-01
8.485724679266999360e+00 9.869887310795490976e-01
8.677771614543999590e+00 9.893457580404969587e-01
8.800565578929999688e+00 9.907143650952412450e-01
8.950684473446999689e+00 9.921080882843235083e-01
9.143470921696000175e+00 9.935644906759131256e-01
9.321288632017999731e+00 9.946194794514459092e-01
9.517172892533999118e+00 9.955527772221111071e-01
9.707932174209000564e+00 9.962739214509567232e-01
9.903877214606000123e+00 9.968767086750682793e-01
1.009074066225399946e+01 9.973526927607743175e-01
1.036036724438499945e+01 9.978811317819118454e-01
1.057880415694799936e+01 9.982630970638570744e-01
1.084739413155999976e+01 9.985901624769399909e-01
1.109999999999999964e+01 9.988264319530574253e-01
1.128452855891799977e+01 9.989644595585781550e-01
1.152888880979799957e+01 9.991439398990911158e-01
1.200000000000000000e+01 9.994015469760618720e-01
1.219999999999999929e+01 9.994922317796892663e-01
1.240000000000000036e+01 9.995683581160678122e-01
1.259999999999999964e+01 9.996354826520859049e-01
1.280601848807500076e+01 9.996751572536729524e-01
1.300000000000000000e+01 9.997380587228555937e-01
1.400000000000000000e+01 9.999020915294171141e-01
1.500000000000000000e+01 9.999649929985995334e-01
